-1748401667
475474725
74230313
1241615002
-1066275214
642528003
417030212
1901350919
1156241472
-960030205
-2114955268
1651862356
-574757181
1107113036
-1473755876
771579778
244332899
1297465750
1598859204
-1129710939
194654782
1789562109
20915
-1029821482
2063517444
-145607145
-1019708472
-923483027
-1781760989
-664963256
-755814459
-1490970512
-1670353373
-902693548
1631849046
492810821
1543900498
-113073099
551328081
-1977446993
460615587
-2058474194
-1329210817
-1989440009
1257528531
361415199
-1269523173
-1119607959
-1129809716
1941297691
817549145
-844082174
-1549586354
-748334281
1865675561
-1821074586
-1639167028
-1552951900
-1645525252
1195726359
1406291091
-2045783040
245260615
-710595612
-1200490447
-490357528
-1729674106
840641950
-1809795564
-667733551
-347787389
-1178559982
13411184
-1653450984
-1716802089
-1598980558
-80772762
1862898006
1590930609
-1226136427
-245374622
1422738425
922916821
-355301343
924726212
-1727634161
-474496280
693255685
395418818
-145884571
-1208966422
540969709
-1459440756
-134556720
-1195860990
-148859023
-1084190800
-855632182
-1648269439
-9373747
809420991
1542483776
-837986784
1330576087
-993965007
130218409
1434776204
199849005
-1915409019
-1321977254
98945060
711816621
325309612
1198437912
-2012196351
-1566397399
-366989657
-112459794
1586976310
1822708571
1667482734
-1959243711
-1881984680
1453389078
831249427
-1009780447
1893717568
1736075198
1336215591
451890145
1947502095
1925365754
792054108
-2124233751
-923761550
19540391
-119593365
-336688439
1768442918
960289807
-2037096904
1480698258
87230398
-158360230
110696499
-421889183
1064325796
1550616900
-276318464
-685296325
1375372893
-2080829680
-40390311
1015453472
1413093392
938039996
1651905843
8002138
-846017976
1080335733
-1853843169
-1449381611
-1647593736
-2080315060
878043123
-1392350412
-1671465537
502567978
-843853143
568104033
447865453
-1727638015
2093429894
849289062
-117618746
1369740868
-1348610690
-585600325
-2103381371
-618685288
-2103507242
-1867126177
1486319779
1535744203
319043083
691446506
1618673880
-1837451771
1434833394
559374819
-807209374
-2010731204
-1626415584
-1243336881
-682814204
1192528621
764139659
-212765559
1098000721
178297864
-1190144655
1204270168
873816362
-1300515285
-1546324616
2125082686
-2108544892
1054494483
1615567382
-497938674
375688814
2100893518
1505623090
1513937089
-1910213038
-1178334155
1011091723
-2138678392
1781275002
1221080345
773695832
-160215516
405183702
-1922596932
357029553
1716732789
-1521762565
-95850493
-1300028627
643154769
1121575535
-1921345816
1699256139
-313025385
-1146095581
-715651915
747899413
1835713667
205327936
1887644270
-1388750974
1898731330
85165862
-1179787634
300685596
-1641968183
147471536
1624602870
-1049115422
-1467106079
-541715523
-1048626654
-1759488402
1371582854
1537917932
-268996195
1308747354
1241382514
865720230
-1850206281
-1664625696
672337651
1993549920
1714605684
1769628864
1404769029
437934881
-393904698
-5505178
-1974658916
301539650
392167167
742220619
-1339955648
-705805964
1507101568
327320475
-505124129
-208294649
-1120673098
-418912233
953734878
-135912087
-1263445177
-640501700
-783043984
-1687865876
-694529145
-1024207707
1281066283
83527115
1068479792
1491641005
33874648
-1709717906
-1293451182
1254780504
1120006538
846905836
-708341368
1358399090
-2015642383
1713589714
518657900
-1678805256
266136303
-714136030
-263230644
1875772855
-1340430996
-907414370
-1591197411
-1016670925
1241632102
-226490298
-704748881
230543817
1318832971
-1683586786
-774804958
431410455
-1642098550
-202116045
2048929688
1889069979
1100521063
1271974880
-1573986773
1185466522
1928799758
-342431667
308601889
-1947831230
-243690005
-85179336
1453142622
-198529006
512829496
-291724809
217480985
934350201
124274391
871531709
-1923579950
500355773
-1706370975
164624923
-608285053
-510604770
1922943614
483129290
-341479915
1489526587
320105846
77681063
-50060779
-841830733
430404872
-360150018
-232714841
1712483342
213561978
-1444540918
-992916038
417317342
1109122033
-1421182788
138510973
-544239583
274068738
-1789188677
-1379828720
-884626199
-830854008
68489900
106004095
-703067330
121127863
-1791181645
1663783147
2097343555
-282209679
1425125432
1685097481
-980648298
1962212568
-2021338899
1238031312
922259452
-923767261
-769876464
-1134417810
1507013950
-1134842699
983758573
123198075
2074315853
-536601749
-2060704858
2067115632
503708844
2088778805
1103046198
1823591258
-1568695794
-855635992
-714893389
1997607114
1431473470
-601198767
-589720109
831246351
-71981250
-584492660
715424944
-1666685786
-347110733
1262924694
223979727
599941105
-2080909440
-980261599
2058345822
254557223
-1614289745
-617464153
-1344410947
-943404404
1252856984
2105160898
346636607
-457649951
1346322236
-805536583
-60875728
-356742628
248393457
-1448714659
-888254182
546307676
-2018489532
1979174678
502812484
1381787158
18255386
-1078908360
-1332472965
-1415050092
1263019800
-1741448549
-1410984940
-1988008544
208302404
763758953
-123967184
-749122948
1897930476
767141433
-1383156415
-1005612524
2140454854
1585863773
808817101
1161066614
-1405614760
-190264969
2074444914
-139163263
1975413146
1829800274
-254427095
-1773403428
-550298664
-1148785938
1086011086
-1837506262
-448702499
-1402772772
1648672479
595201147
899255117
174345932
332222851
-1420732411
-826741422
-65544604
1566942414
2137868563
-106926981
-1230359214
-1482250685
604297532
-1603135776
61545124
-976053862
-1299798056
448422025
-1381054122
1378017218
-147566928
-2070090736
164804140
-1132680664
1204932084
-546129532
-345481534
-1096344007
-666156175
-85860464
412448225
-1581142746
-2120064766
1263874779
601489683
-144595994
1587041863
-801341518
-2073937032
2041198464
396370325
1474574820
521359834
-1860005494
804289580
1111344877
-1180742657
692166892
-1890855505
1038075478
685619007
-1377848599
42472144
-585630629
1768678997
809113696
-1756953782
-1302412595
1047583353
976575310
-655637740
1846944826
-879875667
-162609002
-857179437
696059210
-708282793
1115050500
-1908198513
912326763
-1329116145
-2146038641
-85478999
-425732176
863335866
2082262750
-1538815220
1681105142
-1912069929
1664463885
791211171
-527232952
1157915160
682526384
1201128202
-1159625596
2118119220
506157079
-51103097
1174452798
-548199941
1197852627
-1437283781
1011894499
1975490730
-1944404103
-534692204
-1123725791
292554624
-1557027163
674199301
-1731794042
-2023026799
156521281
-50214151
1323465319
-170119463
-1428211193
575818244
607427075
691215763
25535299
1746226011
1326611431
223030475
696117213
617676934
307303059
-628000206
214301334
-1211170989
1933444701
-1220932303
-447692399
-1299712243
-986147691
1828794688
1961952277
-503773970
-1076445975
-839409289
-471928687
127228881
207970571
1940740452
-117342497
1300116267
-480757104
-990372065
-1846201651
1037447484
1277741851
214964892
-396492072
-1868249984
410102458
-376566208
1454008122
-2112806804
-1476011889
1283196086
1011471654
-1962684074
-1382420046
-1889368062
683223633
1941511092
1955557974
231323093
703319220
1774033544
-556767958
54969635
-1782545776
1550962971
1739334913
-727461646
-1013102926
-1412914200
-997452620
406387829
1262329080
-1480594213
945910086
-1213512615
-1535956205
1800511163
-1189371319
62296413
-1722771059
-426824733
-1584878463
-17965016
1295188237
142615608
-1141396794
129339990
-1751226406
-1250410922
84898094
1097415891
-836365411
-785891316
147439210
434079596
-1931365526
267418122
1067818864
1351872931
-1786993152
1748159192
1311369562
1357353154
-100868016
-171090678
-1761940082
778509106
-1103939525
2126943409
-1370174434
1645597964
832509856
-876224492
250480752
-1616760336
128703381
-394502240
-94616543
-496877547
-1244765197
-1965319908
-598784986
-1455214431
-1301440744
858237472
1721017396
1337495867
-1394024985
-1512723001
504945761
1835862749
-625222637
-1308735069
1296071947
541047278
-1611732835
-2026400271
-2143369992
1765176207
-1913124198
1529402637
1924986302
918457396
1546157625
-1386369496
-310900123
169538423
-1006696956
-301605065
-1531923382
611825960
1115130982
-1247176146
-6045114
-284667992
-1712006803
-1750466195
2080331278
-1843978377
-2031525681
451442554
1890290652
-297648118
-1473221582
-1301891599
2139322447
42625505
-480696921
106749880
1745199247
647394777
288966263
1281491574
-472821580
-471925314
137719330
1444330309
590902375
-140840412
-200710748
-662113627
-1434200630
-1954596490
-1497705734
-427629644
570549909
-1175409585
1074077923
-865672549
-237602943
1281950472
1211473643
1079809611
-1325137432
1975814289
-2057626204
-190080663
-611489875
1329047172
1176275766
124434054
1746488665
-1559716233
1086215194
-110480493
-1871809914
890963089
521571362
-374153069
-206394241
874499935
1303126972
-497361518
-1949538520
-669642520
356363638
1510755285
1256247323
-923423490
-1632602171
1789484626
-1998122988
-1407278890
2050031361
339508578
1173042830
-306401317
391773107
-1692765772
572636077
1576569278
1304924435
1141361285
1670823006
-1244873263
1741709259
1888613133
1884443836
1306922901
-596213503
736078652
1836956853
-665059183
373206420
1279514534
-1096086803
1837605733
-625207900
1394138298
-1776565790
-1307833315
1988340824
-1978009286
-1241478320
-645598774
320990170
-1764535322
-1653684779
864376143
752506278
-518475654
946784472
1087979896
480785156
-201457701
-2091908441
-761595824
-60007982
550256524
-2069998369
-857923149
-1213466233
-2078253978
1357271824
145805089
251704436
1980304520
506218400
-966301483
1603963211
-237775733
-1932254481
-966928363
-1757916955
-1601655814
1727445180
-1516272949
1476645951
-1659439871
192454
-1987777451
-1425359163
1781381987
-883963978
-1822748776
-69340973
-1025216847
-1959896772
1885193819
2020931192
1073253304
-514247561
-1541353007
1577821820
1052240187
-275725927
-1188538249
-2104742492
66493409
-502626358
1043000608
1517816371
-404052624
-1756135859
-1685818547
1768340404
246866747
1889782753
755135682
257501942
538046425
-1666934679
1302838357
-611512744
-569578473
-1148267314
-561100280
1449905734
-490118353
-2003559132
1424749658
-1276858877
506248761
-1611589365
649022170
1044004008
-1970079007
-2061828521
-160461316
-213429652
-1855350439
-1620043277
-1346121681
-1279255004
-1984498287
133006082
-1178430418
959973133
-635338843
636116038
-273908586
-2063767863
-1991407721
1308313541
1960435896
-1687658585
1369411645
-752422743
304896688
-1521855705
-1143186052
1505677159
1170383542
1073724604
-436260426
985500708
-893498445
612267219
-1271796095
-2000772269
869283095
-355033068
1884949656
-759615326
1765393897
-1707290905
-1133994218
1054999574
-281131745
-1038610119
332060128
-1749588620
-572464337
-554237313
2084287331
-1736758813
1266764005
-352644614
-49354369
1132855246
-1833844874
-864449731
-1189604926
-1909910257
-1648409130
1132864236
1238414552
-780043447
555034438
1746078661
496162114
2012409492
506128176
1787746276
-169545402
1916133983
-196831690
1219013186
1093644326
1732180114
-935664504
2070379646
1812246164
-33274125
-637434507
1128889567
-1667162524
1636241098
-84428732
1592576153
-1093784189
1825491654
1551370820
1762854479
-1309906905
535607073
1205446178
1474667737
-1642689976
-689096701
-2123971462
695779910
1931179086
-1710308829
1945178543
2095513380
-740935925
166472116
870718719
-62864898
-580490518
1287814014
-1403837231
640528165
1933198952
-908540854
795399249
1321687219
-771807292
-544052606
1409599038
-232756531
-341539342
1847262745
-1144004350
-1873029081
1894284500
-2044419416
-1629626366
-412366132
-526096213
-1491044391
-341074377
566779167
-1652341557
1022010376
1646196221
1743413020
-13450866
-530979546
1459898923
-1672041501
-541375094
-893596703
548605027
466277239
129650182
-531823359
2118374570
1558453442
-2013404503
1128486165
1582816826
-1197071396
-340324236
-21157298
437976470
2144770188
-681271311
-1605441366
-1306106913
-1938300658
754350764
-2027137964
-1636056218
-2096847594
-256019486
-360530358
-432690815
11175189
-1547540360
-1539909824
537076130
-1830649414
-2107971026
1408388292
-1353583195
-576071749
1887496724
2123076770
-1670635672
545674196
1809192508
-1718318455
755122080
-206740721
613605040
277005293
1608920554
-1101700282
506221990
-89211345
1867904544
-240322586
494624498
-1919595781
-496445714
1768711925
400745147
395894514
-1254812252
-1615773099
-1533413519
590784136
22985549
1444208969
-1441122562
326993198
-215183617
1710386744
-1526615237
1188258482
-348003980
232361137
649805221
1727490790
2012282329
108452783
-1338575281
-1158274176
1812157414
772528157
-1289202150
-340886464
823242542
-1289493605
-1713493980
-204128936
-1973940297
1573680002
1042032254
-883525625
664139725
913484837
698691105
-1983193722
-1891286254
585690202
-2103427551
649142312
1233050330
-1187312328
1106359842
-159792452
-1568285771
354441761
-1790605301
2071329333
2053570636
-867793662
1629376762
-274692724
530802032
-1885267239
872975735
172072933
851114864
-1063437193
-1840227093
1356689648
-1461962582
1758568327
-192182190
-1074880622
-1438391964
96410574
-1171210193
-1411061053
-969869092
1756776627
2005943744
1878650041
-1476513891
960163586
-1424919693
1156344902
-1875680493
780554988
-69478248
2144657534
-1770585503
-816473518
-1823876009
2001472156
2138074226
-163458238
99490787
2101791269
1764334414
-1061986623
668202991
1016631117
-91246418
928695242
1429669217
2084573082
882325457
1966419606
1685345605
-692576057
-1501417328
1707286558
179554307
-2101289494
403912624
947655134
-638132268
1806924504
-849715081
921833946
-1206008206
-1145738808
1031639937
-523986203
1246394894
-1203390666
1772586707
-1397609184
169170311
-1544962039
1080402736
-183735615
-1048221736
-596859401
-2056361301
-808796907
-487436591
-428399064
1129264253
-1951152697
1914472713
-1417955815
-1525067240
1960190050
119829266
676137667
1460924795
1326266387
1507288046
-680301061
-403091256
-1646840397
-280126270
-1799911909
-1650780397
-1853011451
474677193
-979405854
1630725756
190830651
-276839797
-1761252712
-1100907649
529286335
-1897558195
-658692491
-315626102
1482320943
-1505179189
-810556093
-661920561
-1999894872
701819684
-2094217918
1894832475
-1949795514
-1854527211
-39473589
461221735
-265033749
-263070615
-2115032777
30885102
1678270784
-1178969424
1184614785
-1808939905
208973561
1780102958
930221353
-305933997
-1082914724
-1583472874
59102939
-1967923038
-393833213
-148650760
996992592
-56536015
1852487136
124227447
-124259596
13117999
523459201
500301630
-615494455
-1917364670
1796728468
-1797193677
-1435228278
2133792731
-1054970963
1933089261
1963586579
1683874257
-343327929
1261024100
1415932927
1699456813
-788720376
1681186279
1277113235
283943235
48592201
1408916306
-573950502
1532093185
1173407701
1969738623
-1218437360
-469807733
-1898544401
-452498180
252746051
1557379590
-801804647
-2024063746
1270165303
1130982579
-25650157
225133206
820377994
245507392
815124898
1264279842
-154568168
158556250
408972946
-1740501499
847006112
-1203986810
-816313476
1557112218
-762086489
1346028593
1166695116
-1428055195
1845943452
1179182853
1670647165
1646000523
-654414276
-1404035971
256163878
1750524804
617662007
818748859
-400149446
794103822
-2060045549
1659622552
1852266891
-1357681052
-695284912
-47831555
-810554352
609315503
-564671795
-1722512016
1114221031
-118192708
-1446059414
1492409841
1700291996
-421448720
1569218029
-732906489
-953517909
-2129774728
900154409
2021172501
-1942005181
691464644
-1615538852
1606260721
679108172
367274037
520555481
2015081142
-1680613205
1674237972
-646184218
1604671961
1656447172
1778005446
642410471
-31867782
-343846592
1229153085
-1845143109
1567541756
2015862800
1206315442
1945393765
1049390295
-1134282064
1110188688
1069954799
486547116
-1567550800
-900613197
766511498
-783472231
-1812371857
1837484753
7846394
1726950094
-1850977751
-1685642184
-1627676624
2120854112
-956764876
2054744249
-876663496
1041816669
-164071546
1267498724
-1960919467
1126489887
-405841030
783641460
776666729
-1472591131
-1835661357
-19022579
-1873905254
1455302303
140961280
-1807155420
-781826254
-899443192
-912330591
322889789
-568267321
-478620422
1127394890
-1728694436
-784013925
-1687956483
751932550
-615811915
-474849979
2107509280
-877783267
1616284069
713696400
-679522292
-618600551
1017996261
69067170
527620181
-624809721
-1454303236
1439429728
840096019
-1711563782
-802801931
-768889839
-1772307791
667092692
1857047378
2115285825
-84353020
1918656072
500412736
-833169945
-626107489
1123512858
1507868171
-1650096694
-1899223452
1140138537
-1285920045
613204255
-1059673250
316432302
-1239419264
846937975
-228475698
818380486
484455155
1900546263
-806599037
-376005587
1370452349
710400808
-350989970
-71558325
1023427220
669581777
-825283467
608469109
566525123
475169698
-1095053689
1963666284
455294690
-831665421
-967129616
169981480
-1924111993
-466605044
-2023470867
-678954021
48565180
-454300217
-865977469
-1381037008
-102736143
973518964
-1338818932
-1977512237
-1166905804
-110260484
-395240431
-430941387
-1792871266
-286476728
-1041095457
287983760
-1459060976
454307555
-930458796
353532457
1557921055
230139101
523978617
456698836
33549644
-1717372430
-916492203
1267417789
374446200
1024118252
-1320290688
2108892772
1812861078
-1059935931
179977206
-1744460311
1031530146
1714990608
-806681299
-1520898679
665177041
152105752
-434987160
-1368666008
-209612279
-759632567
-539846579
2002381456
1789018002
160271182
579525301
-509518023
-1689572850
-1472927877
1019036867
-540035254
-2103096154
1370928109
-1362359497
1698669599
574049670
-378747664
82476547
1386850957
1389618826
847732128
2122121759
468056610
-365320903
-394845486
1168004249
1415443633
-321243663
1783158836
1716349679
-896521715
-370233756
1696418738
-651656032
-1208890349
1482787650
-1750461669
1993294336
1705303789
-563194569
1750466564
5166156
-1607816811
392306968
1397648876
1670945533
1353591448
1508335448
1277218464
1647624800
2046465308
-1728401728
-784983839
-110643354
-705816028
290301535
1162083651
-1491434312
377061905
-1749562690
-173931177
-2092733170
-817800597
178594392
850329868
1401771713
-1023558687
1400184136
-615160239
1137826974
1979837582
884196420
1820559103
-488433668
-1104846211
-1304272183
-480853770
-715163632
-1814304145
-2145116009
-888730491
1629174399
-1327302949
-1762247072
-2003661553
1481660724
-624534731
-916264516
603916266
-310443661
-488704141
660135007
1543595402
-722081746
-23980084
-1044301172
188326110
-1600450665
-1178563390
1326474444
-1070348039
453169654
1187037026
-1918521125
-1186662155
1231832507
-1288747574
-2017903133
895838740
-1239986473
-1282032660
-53061652
-1718156249
1457123654
1906304144
-774627695
1232736307
1142929648
2106807967
421880567
665317712
198658737
-1539425635
-713821957
-1987704876
-1753255242
-1428824969
1191884714
1891705521
-842644470
-1970924162
1423279349
616833819
-1807606416
-1308699981
1525958821
-964512147
-168450190
-1805829308
1984631436
1260079693
-1530060870
-1499317418
-715702275
-329146611
273974687
666924805
-299529091
-1282040748
-137659390
929556904
-288622151
1352682493
-625675173
-447367847
-1132084549
560668478
1984821006
-632101196
1019137624
-1350311412
-1455940349
-579522339
104813805
813826238
-2040951179
-538909241
2122296650
-708312080
230529801
125546164
-1959299859
747005610
996032289
-906770185
-1850046606
361966272
-1049613710
-176698623
1609136458
939249531
-1957684269
800535962
-1532851797
1735233144
-657873320
780424558
-621068345
-1830157616
2086450079
-1410058038
2069505855
519872121
1000888169
-765346392
453730266
1661440491
74893419
-813368344
90305649
-1853552122
877630054
689999840
606285102
-108795854
-2127407755
-707098346
-1894231819
175462599
-1452431707
-1980825269
1467386401
886238127
1135273418
-439967812
-1835801997
-260369590
1082203280
-1805939549
-212104634
1193029009
-1452393776
-50620157
-1973231865
199523197
926368804
262053541
1554244837
-600855895
-1599782211
1089756253
804857796
1968231734
1000215411
-474131823
767702902
1411521518
1123376925
1412850683
1054290732
-772718933
-331131614
-2003353939
1801787434
-1980573959
1741945680
2065682773
749979578
685512954
-224712981
-147763006
-915277726
1742552714
-1404669175
-810315354
1177716312
-885718878
-616052707
-1580221795
-1635133643
1563935489
1934117072
-2146069906
1190216937
2133546504
-383993833
934342287
-8272913
-1543343387
-816731007
396953070
-755615552
1544639988
553067728
24882158
2138648716
646388577
448287179
520271791
784920871
-1945255407
-1245337262
1941052306
1014502465
-1079183166
1105499826
-215912197
851452378
1982470512
-849781702
750517337
868146676
-2099120390
1737816590
-1868665501
-1118945911
-1447075579
1339698746
-195436637
1412576959
-1296334304
-1733697014
868736823
-682172327
1115913257
351836312
2056484310
1754043505
263251694
-1171017051
450331665
1423379044
1656296726
1261869996
-2072843557
-1103127540
848380738
-1178782668
1807173963
-76928460
-817621650
1726090598
-316714337
1630491720
-1198061923
1292650974
990249091
527824716
-1348161867
1067071429
1646798227
-542038001
557515431
1003681823
-162651106
939990175
-233114926
1148897121
169069869
-847726337
1613302697
1124776774
-6247485
547926807
-629867374
-666498590
1417887845
-1487109653
1341663505
519319030
486928604
-1614771185
-800479195
-131564410
192720953
1293699418
1686656498
771030953
2054595352
1329220570
-1751000161
1223666335
1571767337
26436615
908579201
1808677672
1632554220
881546298
-1118675080
-2016519149
29484731
-989804705
-1058930791
971300116
1953294349
744062697
646465293
621286362
-1023467016
-397480954
2107234616
-2036942239
879690231
-850483180
1632233757
-2145526140
-1074787347
-343572398
-858657536
1792390869
-876613527
-1931278118
-1980864436
-698978127
1673020203
349104846
-2059145289
1115900814
-1503226393
-1071095343
1473104803
1975227798
-1421542584
-1329881927
-626402105
-1723441799
633943607
-1981811326
699115278
803663230
-1751049892
-1750256507
995796670
47539164
-724116764
-429567256
-1197583395
1496841287
-956276603
1737715800
899446735
451862220
-582432833
-851972107
1853143363
-632453151
240365155
-597364594
-271678896
1987714488
586022744
-819096562
987538650
-86227245
-1787279460
-721565131
1087136058
1149916636
1446172553
-1349021046
684438302
-1774395722
1750348889
-582096497
2951340
-1153562417
-2091475476
904189238
-471021587
1531654839
-1485722424
-1979628396
-1203812760
833927926
536956000
-594889005
-736880883
-1838087655
-2098489960
-1928602259
2112213589
-174786034
1563118984
289320343
1929100454
-1510615375
-222491520
767792378
1421143803
2145170342
-1886826165
1909114280
113960388
1374569320
-1345977160
-1166946995
804493834
-1443505246
-722587307
-804852828
-97941290
-228298051
1226240893
-1668883411
1398951123
-381066566
-1185618539
-826210532
-1595757006
-543947456
1364561042
-203862636
-1863758643
1690991864
-2105243459
-1734482667
1448560783
693321752
-2008248646
10155569
-1567585262
-315344834
-176132922
-1992494459
-1992057463
1275300734
-1795645377
787338727
-1436345889
2113102526
-583647383
-1607940388
1989754400
-1432141504
1554266990
1245891148
-1272962280
-235486848
1444691622
1012825720
191860537
-1294283969
1139059481
971772203
-287604031
81762015
-424575679
-294263505
-1538465253
-1860234767
-1366681837
-1416783102
921690758
-1907590900
-1189988544
649359562
642391284
1145256672
-472604489
995437957
1927572276
574126218
-569231762
596970372
1020457810
-1324107992
343969634
-47950311
942146877
-425158992
1586448092
-863064433
1560587946
265593341
-1602515723
-988402598
650389817
2082573354
65911643
337890447
-1913813291
-1363316957
-497749420
822797461
1835614303
1268768632
753992194
327453725
-617706866
-1916016268
-1229249559
1076048463
-243886832
1779190638
-1201518418
1364054597
-977135627
-913800866
-1365770719
945126076
-1461726387
-2040105549
188166525
-1943069432
-51845873
597027682
1520325101
-1249454264
-837674692
85980482
2083166034
-243192357
662673475
958795414
1733980483
13756434
-1204119641
-2141083413
-84319659
-552106970
-1942032162
548291364
1360513947
971339372
1284555388
1647664595
-1649054608
785819590
-173506672
963961033
1328388723
1873078109
797315406
852346351
-622823981
-1848032372
1151463149
-254665385
-1232822836
-2139849185
385699794
-2107195763
-1690228368
-1339158596
-1023353874
574503731
2070407338
2111532705
-521437597
192407244
-89902721
-1720152945
1837710957
-2138634281
-1426932329
1516617733
1543783039
-952924640
-2097456132
-1845588815
455106988
667331153
-1397916896
-605028573
39053128
864797391
-376647900
1860997059
-1657377585
284541379
-584345513
667336965
1072229892
-147314570
-635154948
-2082804518
-1280804003
-1590504479
-1698909873
-1052510871
1106194078
1702198916
678989002
-1696740098
-191019581
-132576394
763536292
2127825218
-1260484574
544861885
-734620263
-1884686932
-1759618607
-239057185
209631984
-863184585
1251942724
1054309304
-1469760326
-308780203
1701831483
171996814
-513282729
-1899989981
1539651802
-448346270
-485317314
1603449821
-93780967
1909607304
1432102908
439725459
2034665054
999565689
1048434044
-667786980
-749814425
-1444465176
549366665
49315915
1313548909
11081234
-382837871
396151649
-1376557178
-187518118
282425516
-172736319
-1006882998
-957623276
1990984155
-1679420438
555530937
-1159795296
-1242051436
1806278560
-210658980
258966459
-1765239938
402966380
1534224297
-924407535
895462776
-892175289
337774507
263091477
1840099551
1151359121
2071412706
-171015403
1240499984
1899333448
1064690791
-355938680
-1155484629
1027893877
21950035
1299677354
-679160038
1005303017
-1805638303
-1937669302
-1683053103
-1547506903
1901215698
1493495010
-1802180138
1450803110
2006160
561224168
-1833811708
1926168113
1555299222
2106558307
910730891
-2111964499
-1283204978
1564066496
-1201272774
-1071991035
-1413985349
-1281359131
994470912
-1878936480
376214809
1552039558
1534355887
-1384012909
859878850
185258936
-372179709
2087676119
-582829166
-162982717
565703651
1879713467
1437508366
-2012787141
1443265766
1954579547
-1095765119
-1129145775
-1206019560
-1563974958
-1386317465
-409201306
1297251325
317158892
702661391
-1019197471
1843071189
317158432
-2059582597
-1027942079
-731573215
1270993341
1208041354
2103042165
-1419048347
-781010078
842721624
1487234410
2101417264
-761510990
-2050994715
-1385895962
302119769
-1634797496
916125940
41287572
993214858
1091719657
-601984203
1776576863
879513346
-1320717320
1986395813
-219867646
-2101044586
-407638226
298267957
-1285878304
1183392760
1982430089
-1434620503
1856388624
1945746747
-31793787
950799043
-219577668
-724375402
507341449
-1374414688
452362923
-2056171929
-631643996
-1111761823
-18665445
-1851256965
-1087994504
948779532
1496711891
-1489799284
-214974346
2061112500
-271368327
-1975135222
1416864843
335809752
-408494048
474247966
-1280828519
1568096521
632025637
-1582887189
694856938
-419564338
682327355
1514940694
-1844180511
1584218571
1511671747
62462600
299425202
906573599
-2095182752
384097138
1870958291
-1174336754
-2110262070
1603848081
1605494771
1481261792
1201368547
1247994546
3202091
-1859390200
-1894405881
466182520
-1299719566
-1204188793
1742429863
1478982237
-529374122
1603181714
-774396392
1670890230
-1792680983
-535566478
376436392
-1127178886
88128760
-72395861
-446781966
-518292860
1557640579
2143263840
377911155
-1697123561
1784107368
694559221
-2068377252
864550627
-450351776
-802696203
478374569
1047710406
997123375
546854198
-1563916686
-1245711468
-1843384041
1985003067
563351680
969222427
959768205
-861560359
1828695842
-178487967
2052116527
1319516188
-175169983
179954735
-974483212
-215428246
-1611896910
1318758098
-1187903836
1464271849
-1413559093
1410453536
-657072245
-487715554
-1173473992
2111886521
-1314891927
1179554262
-1200736497
-1820591218
317607852
-968844727
642321440
-1680979289
2005087968
928995451
-1236006766
-423035872
1383035750
905072357
1824286379
-452542604
-1360640669
1106230613
-734757906
-494187779
1849381883
884897809
-705254550
-483655237
-300983873
-1206153918
-598431408
-1263095468
892773475
1290427536
-1312889913
146254939
391863220
1140589833
-1600576260
-837761836
1762182088
608521542
-1611742596
-1784222985
787213942
399010256
1466559941
361002036
787058696
2095728063
-820577767
-1490399625
-412095697
-348048988
515222421
950707117
1550256183
1130699944
568845186
-1463045755
-2138002565
-1893221387
1806581227
85580154
424460058
-48413612
-1852279697
-105108207
-1731320854
1975818774
-1491559848
-699467169
-1961419348
-1540875464
-255490581
2101091534
1137954433
-1380030527
-1756759295
205592095
-1583581796
-1075524497
1736665814
-112249934
227566905
1925395346
-2111021792
787629061
-1479154738
1409531958
-1633954205
-1691443078
-1852150657
-1513719929
585387907
-611348644
-286129450
299605105
-1791880550
-1255456221
-173306446
886415750
-1477308149
-672009225
-988058240
304993573
-1991801129
-839783310
-449003095
-1195037737
-270008529
-1315804502
-325250741
1069337852
819629641
1701035118
-1551021270
1429751206
605049975
490931662
-212971288
-2057992764
-1097228684
1735687392
1755218292
902105986
-1583597823
-448848447
493942464
-1003560720
-765149776
566303450
-2064749898
-650686495
-617212162
-1822126748
309000044
-1849659371
-2095625817
-1261426131
-1225054571
-1171000422
2115067190
765984411
486933562
-1099770514
609488347
1714321905
-1260836694
-893464983
-1362007680
1259751121
-1675694673
-1328827303
1213049373
-321275647
728122114
-1503320210
-1545477813
2146751345
871290368
-1292422696
-1027258089
-844420484
1541636252
1427029422
1008356889
-1613552018
1800942487
1792083217
532260548
565471814
268423151
-155754351
1908870142
-1667276100
-1545493612
-691071025
360736498
-1396686460
-744653471
-1231873950
-1284405211
-636491564
-968324023
1416607486
-146555961
-26637532
1121746385
-228663597
1023528779
-1527512268
-1865052227
1728926514
303979577
1954162771
-1036809970
-1730156682
-2062324670
507355869
802999851
809095457
743426708
1501824260
631374941
1624471620
-1281911184
1372990419
-1407977344
-855414236
323152633
115747952
-1555776265
-1613671910
-534859699
1636848033
-978832672
365239483
1113647577
-441455215
-321424760
920824119
-2023549464
-1530330158
104711969
-1872450298
837448317
1712590757
1928147378
1087352256
1089420131
1569286777
792962894
-1088408244
-900647550
-1990322511
-1544978808
-328883139
1056512883
742126250
-1388003291
1481459320
-842285227
1721473020
1879330579
859278873
-1949501983
-1153012994
1679891354
1571526807
-954360133
644587151
2061686224
-342138331
1231117835
874197011
-78064814
2083343195
835574604
1319509948
714021936
182834453
1894685027
-275551990
-858598615
-1755924837
491109363
-624066668
853044503
-886656511
-1314697745
2074366984
-1144427604
-443036975
-2121147024
-1971575441
1399230302
-840449306
382763208
-2134793547
-2067352416
-1925119590
-641754922
54534248
-1106653102
1135626531
254207131
1233053376
-1965375623
1140186682
1561377293
-543761441
34725426
-1773206019
1205827627
-1354625448
-1049257501
213843477
1568638545
-1996823563
1756721844
304927515
-1880525620
-149360460
361701437
-753026761
-414379343
-952780269
1708445056
-1859532022
-1602777878
-1174148467
-1543069671
1271091917
-1164711279
1130871139
530644660
935788986
965114496
1279756959
509889214
902674858
488179240
-646444203
384958814
-341914369
2050416034
932662828
-93947994
-777267005
-808120061
1994304540
-1454004731
1215143185
-1105958157
1143696760
1812248320
621508531
-1460666240
1912241967
2099334433
2133681420
-1851495889
1024702542
-1261259729
1836231480
-265749932
-1184533560
-418352738
-1190816911
-2116713309
341410425
116189257
-177809996
-1595634938
-151471768
3801950
1309776547
-1557470288
1271046220
349772952
1514354604
576400497
-965540783
1919324596
1581255019
-1363370165
-1891142885
1795472669
857804877
-610132922
1811079690
-133085719
550253429
2087156864
1049494976
-624231672
-210547230
1183351431
179772895
748531130
-1928042031
1925577707
989608215
-1842561215
-700985761
-914167795
953627999
-1869851176
-707869838
1053603901
-1338834815
-156996381
-1730138150
-1373700860
-253371172
-1799867289
-1914800718
-970713923
-1257984411
-54561861
-816566004
-21385366
1320129518
384230271
877378764
-795264060
-1825025877
-2123910451
-1531993644
-210660973
948390385
-113923154
1394627681
1447062848
1017912639
486976207
-291642444
-611348312
315822722
1697472116
1395294196
-1188913870
-190255468
65831085
-1821050286
501218083
-540349947
-628686650
-1528257682
1922064944
2088292382
-895168509
1701981176
-4860076
-1180988894
1626031500
-450925670
-445369373
580033239
1344490918
-1078316523
1603439071
1767853636
322361380
836535978
406714762
-336813637
-1561183716
1677654458
1974193212
-107010023
-1039304996
-85463888
306309238
-1354207668
1909236766
1374483486
-104205514
-2024954859
-1698308741
921024550
2040836748
1653181710
2068740893
-1816004837
-1019706003
1080950254
-1762099271
212504167
-668007226
174680588
2074374587
1169141166
348332500
1943618849
-130346046
-1367041997
-1633528398
-1256571567
1248178254
1877710970
1274590771
-774663828
986901687
1534790191
-1754725391
-1465186448
906057568
-1517380026
-1741748826
-2124200110
-1184357076
952515939
-88357703
1983815165
761909809
-1129960325
-1291813092
2057071770
-1291609685
-66955334
-1080663468
-211302382
-202901197
1578690471
1363043288
-1437463344
-2082360528
752780421
370526879
859597515
1849689229
-1639912452
680607220
-1075860029
-1461452372
457882872
823750028
2029110730
328355482
1230872017
-213801255
704435205
-1800690045
-2056904532
-1505629280
-971784269
-1348344217
289344032
-790405687
-1278437521
1957072653
1320148508
-1264118667
380191409
-278203848
1405933319
-1076056490
1738229658
-1013350632
-1740854488
-1277217478
-1781028624
-1540169213
-1001733049
-1325127961
-654565274
-294589596
-864876
-969820370
366426401
1149006323
-612582456
-472998086
-1137111433
1600300070
-888228982
-1441853912
-565529863
-175538970
-1794346477
-825782564
-1119452237
-89501818
1181883412
807925522
1951132593
1398054640
-1429039402
-716328013
-592618555
2003481633
-1249914973
1824392809
1472166535
1076668374
820352356
1892550773
891080861
108909447
-1098520437
872908479
-775850692
1079762324
797959474
1089932078
-258572562
1748882622
1643686788
-759126214
-667075435
1233456856
-1701844389
-1415687234
1617328815
-376389955
805302315
1027865106
-1157474085
2023781764
-817666531
1381136985
-1621527653
-1077869838
-1642522242
549733142
-957847974
-725456593
-1784645798
-1462546939
-505222735
-504571971
349150820
1535219240
1272189413
538304933
2048797464
1693080351
-1675267660
-837393678
-1949425117
1645462972
2058298704
-1145779869
955161858
1432207830
-233895509
-1625377701
1355422952
19145053
1621468149
-834133988
-584275996
1794596015
2046524770
2016776244
-468970429
-1137671127
-583403728
815394102
685712946
1675245311
915331816
-1853355603
-1416207448
-1020153008
-788387101
511902286
-722222462
-1767877772
-793118961
557313388
-1674799890
440339608
-350209549
1306430896
982734861
-805649779
-2028273168
-219808760
-574797612
394888412
1808231113
-663913249
24240946
315492637
-64214172
-1084689265
-554651785
-850921848
-362759215
1490267923
-2130968076
1342494412
150099851
1024159489
1105039582
1315880991
-1373609986
-1239877706
-1669069705
-661451626
-31595703
1907001042
-1977162385
-28527946
1881033540
1549267174
80776582
1633882954
1238333636
63919468
2063859318
1147621494
1849937693
210017783
-206650608
-299400692
1282601960
729627819
-1577763163
254827293
-1902098683
7658990
-1469444441
-582282029
1130518243
1731133791
-1591254386
-1989234050
-218704642
-611013114
642477568
-1669795093
-1807561047
1249686989
1791449387
1198818044
-996725235
-1007666129
-125676683
1115112821
1884145521
-1834716114
-993481641
-92486637
819164859
176015754
152639110
1749949922
-1158147787
746580271
450918739
1774847696
-2035994732
-53388050
-355011501
552905852
1537807414
-21975440
-625542846
174101587
642986411
-710654617
1345429540
-604059938
-1502341769
437089541
1418828204
259382356
2083175189
1155165361
-877632542
1426374262
1409649469
1771700216
1626842367
921645980
-1885500567
-1292928575
1617088667
1858045706
-1791589995
445902532
-636257527
-427171193
-933818297
922075965
-615710975
-32297680
720899790
-1134667812
1305631104
1736868745
1796907469
831590911
1760255979
377593044
260626427
-2024393950
738505850
804368805
-126038237
-1567149163
1546656979
1589622710
707175794
1356436592
436281077
837027575
130661105
-1707057980
-1499723689
1365687273
-1162999985
1913370131
59491152
441674540
1890224100
-1710138367
324345529
318503510
-1495660046
1310708554
-150705200
1112519173
-1772366547
1424595958
-245590433
-1278681801
-1760167300
875877067
-652403939
-691762728
1871137537
14611971
2068217939
1228750492
-585942185
269205823
-2103757630
1679473167
1980905242
1490113723
-183174973
1205210857
1922377899
-1138549822
-387631696
-2074955354
41105716
2128619107
723052418
-339588266
-81457943
-822023580
-2007040837
-411933263
-1235157103
741056374
-1225109370
1270891630
-1751112380
1823845034
1708565275
1331724244
-2098457738
-41169629
843723880
-420662128
-2033076685
-52295155
-1568414483
1636228297
-2041203284
942110669
1212154087
461448817
42676209
-1530302343
-866379344
1641437918
1983236863
336909706
1787072869
-105829480
-2064882947
205216464
-893600567
67500148
-1967007550
1986923685
-953368728
1395778273
-1513241445
1130202469
-2052160001
-2128133503
-397995702
126060061
4555546
-1122742533
209634128
-1767840126
742593023
149558031
1412001902
-1122627549
261333962
1995898090
-2041959575
-1117030174
1288641241
1999216571
-1694898162
1136840864
-1284966295
-809141627
779262837
390125111
-939310975
-274933706
1836424329
772474797
-1146013682
-1384112903
-1197930297
-1703698011
103113039
-1564207928
-1568657083
1923195416
-1869063565
1388713796
1522488309
-1364606395
-1142128001
-2006051640
-1133828822
-1897358362
1449953397
1511776443
-2007437989
1824353699
-87996238
1299074341
1209810727
-1782041909
614309015
606595972
-1407481447
-1530592703
1046806635
190744288
753207980
-1907758924
-537119872
-1554011363
1384244753
-1706315246
-1472121197
-1568289393
1276994607
-928950723
1788497016
-2065765677
-1020093078
-1643840257
-1629363978
-1220629028
-539814489
999083323
99580399
862155852
-608367600
-1954219162
-1772349756
1702282244
-534740204
-1892168908
-165502473
380044798
442385585
-1194887019
-593274607
-1239311783
1459382005
906574818
-1348776251
-1097754187
734008513
344972627
-485528747
-1011296319
-225141040
-687371339
440176436
1593703185
-85714697
132901464
-1533756436
1143193140
1451624366
1488751181
-1075091647
504016389
917299662
778257105
1987140758
-543164095
-1534891365
247667971
239259792
1009853786
2092378117
530433757
-951022855
1434827914
1966962986
-412565151
764889830
178080042
-579530465
1418378770
254200090
-251579837
43899376
-99819611
1370225836
-109097627
968721380
-1454190088
2018018792
958085559
-1800977147
-2111312573
-759471245
-984491953
239176926
480172172
-1736616527
413889987
1519169670
639917920
-810183574
-280069888
-1650863395
872246975
-418268501
-200430759
-1177449195
1685286231
-1797911318
982150626
232659828
-596548875
2066316653
1135898623
-981134761
612868920
-2081221909
-596264137
-84353159
-1250758777
64263539
1408444493
-1401995
-1264630716
-970414708
1823904145
858320777
1944962369
-643260003
-1147578765
-1054796900
-259490445
-1597964913
1704658008
-815585151
1912989156
2145448112
-197576528
-1650756995
-389453842
-511926822
865800264
-1652148218
-1884467547
-381216301
1077131228
-277067571
617995157
2023486455
1738863088
-560828162
1062498988
1533420820
-1276926497
908483782
-2042818183
21792916
-1657942989
-1353207787
-113277545
-657832991
-930984905
1469339301
-436660637
-1420050428
172007115
239816762
1464505844
-1857087089
1486834295
-280396502
-1068888756
-1286526275
2097515713
1433939743
-903448630
-172059689
1195754690
-1091730917
-1496890909
1481795032
-1082428682
733659580
811106065
-1304276140
1546183252
82140864
-1148187894
158501781
-144847202
1689991372
-1769534923
23700486
275880953
-176471960
734428505
1448031188
-1653541952
56079694
266132631
2143684049
554162836
-748190492
2059267482
152896668
346985399
-1771008763
-460502772
-429898497
-1133451878
751617799
1921467211
-1299852649
-1089694796
1950916345
1271082076
-662166854
194847124
-1845953748
-1178264801
-637906540
-1428671687
-320096268
-2054899772
1069583763
-1505812831
-1283613777
1643231613
-145140475
-1730182497
1749878534
1884687221
-2033554946
1015412465
896591218
1015074047
1427021950
685975953
-1995464190
-1515937518
1661987539
1632959819
-1377164198
1753678069
-66369476
1862958479
-651486722
-1085962698
-1041073713
-380454008
889917392
1439784928
-717643364
307488876
970858455
-1483708692
-574803951
-999735019
-1524091071
1838581239
1045349279
1497079505
1285634219
-1126078411
1950211741
-1869495947
702709406
-1406426203
1780193133
923969208
1326154333
546034310
-1756977444
1711637181
88320733
-1167634423
113211598
-2118111759
1876658196
-1064858553
-1785060582
-2043798505
-2110783882
-2137248908
-832674126
-186175328
2006329020
-1973197739
151265031
-1477508033
-474028570
-1068150289
-650329173
-1934987331
-1150451325
-1119474560
748740663
-1792905207
-1051937744
-46228046
-1033722258
260618130
-1251867043
-2146917362
1016397474
-1369210663
-1487442090
-522012242
-232211882
1410037313
1221558913
-1213058506
-961032924
-1283472599
91794660
1344865284
-1403998239
-331242948
-1361557782
-1713213274
-2114825730
-534119161
1779334758
-1665318772
-779403983
1715531979
1113611480
-1645115906
2018824019
97012884
-865767954
-1748296881
-1634881909
1042766986
-410334644
1053904979
237296556
-864577914
779455119
-826836211
353961691
-212403225
-1762990449
1996054445
-1234826635
-1365359450
797213924
-440294472
630501423
1877354408
-1461993813
-18366328
-207674243
-1817684909
1094638474
-675927817
572439608
377352547
-642807312
503354967
-1713508230
667333886
286922657
-585256796
2117317836
1478552069
-1549193615
1289127420
624659331
801896108
1611798863
-527334065
1615854694
-1466681268
2012337541
-14290862
1583567252
562055287
-216828867
-1323304776
355253924
90505037
-1812164538
-1425212252
1960728078
973522701
2124733464
-1763010984
108687560
147068142
-1391850475
-1974832334
757427252
623778607
1889640721
-1989663271
1899684408
-1364064147
1874745108
-1584568397
-1094991954
163997748
1125596254
167017882
-1172513537
-2009761577
-570772310
1361032142
-2066481910
2018937475
-1818760009
-1869077204
-394570167
362134418
-378699261
292897184
-1304294858
1254794780
-1835769127
-1942894633
-2099106069
1708380884
1166682766
90842681
-809808120
-50985712
2123267590
845903638
-1036352552
-421809111
1339763837
-1153856482
-374895178
1728202244
-952690557
-1088045802
-754938195
-2027430159
434122056
-864588343
-117159074
203807411
617145369
1312980796
-1507518938
-422493473
334110250
211230756
1092405375
1631311465
1748129429
771338396
-1518571866
1531278971
-1800965982
-1664570094
303597950
-2011755384
148940361
1663161474
2044529332
-165855839
2102549236
-1959330329
-1633521885
-39158009
2101204616
471224557
-212886664
-1798479872
-2035077978
-1695492630
1495949081
-1570693906
993252397
-98201329
234012994
1009504156
1466479363
1896258778
-1685881743
1430180059
-700014059
1823537102
7621636
-1476190387
1613278619
-1431897754
836825119
329572224
286758304
-731340218
994184147
70142270
-1628810559
1329871796
-1066188420
819172898
-530341068
-934479291
1104425322
972473710
-701701108
-1458792485
-517456190
-1048360676
1305393850
-1587537714
1370701478
430895154
2043433686
-851496856
1162835347
-919690662
-519162849
1697708183
-585398517
-306003791
-1894386496
86503645
488979315
266878943
-1237038123
1118468234
-111132611
-1313288345
34555948
-674482131
-2054797751
-925523393
-1331777713
399519304
57680520
1021160610
2116077762
-1416473790
-1035086622
1521052453
1217010056
-497874783
-417490599
764643080
-1399401492
-697448584
-1709152402
-1397298226
1292697469
-1876442595
-1475574845
1199579664
-676684455
2052746527
1051002881
1417216909
-1877259090
1619600246
90670331
1142103172
1426404222
-1154459140
-898686189
-525971899
-571134047
-384821732
1405019356
-903969019
-957443056
-1306879032
-2078609407
1210884850
-807209377
-573864272
-223149980
1585171079
932892811
37405360
-1000445558
883810848
48233205
-293464183
374098485
-1527324976
1313292974
423836627
-1827613102
2035815538
-83451915
1720165170
-165487851
905564414
1645859069
-166560825
-848633502
-2009933539
-2066785038
-1076850966
-692612498
-1565353474
-84655298
-963053291
-301907290
557589610
-1250632953
86830370
-878655793
-22199019
1689102076
-845941063
1564211054
-940683721
-1005641391
-1294635005
-2090039703
1797023323
1432601607
-941154653
-2025059603
-989237129
-717762192
-1078711323
-396728430
-1387667141
1272357106
2023681080
-756945219
-1682303571
2068411403
-1659688487
-481367738
-823525643
922752916
434497233
-98147494
-495503499
495703369
1167772193
413295521
608883996
744061320
813083706
901247138
1630637308
-1327533736
-406194510
145590374
-644219879
1853965485
-1504392395
531557979
799943043
750383337
1397892537
-1741327493
1438291366
-902633562
550923765
854203565
1344695007
-276449870
335621139
-1491514517
1449501523
1539479130
1028183203
1361431716
-343459844
-709462293
270720979
98791906
-1500599036
596586101
-1095131171
-929064785
-437678251
522513874
-1820030272
-853523403
-1253656720
1813785574
-1095832782
-397890268
-81894018
1585680935
-343659308
-744723496
546802340
-389698209
-1579665497
1338548410
-194522213
-1761712464
466980542
-1024672027
2098284671
-1606383400
-385735115
-825041651
-776366618
1549260214
-1092148127
333557916
1074025268
710438925
-170458552
-711944419
-233121236
1108647302
-669991085
248009181
-1214151734
-2070010629
-2110383039
773937103
1610833489
646499570
955650399
-979705424
1769648287
-973619609
-668208139
-176941974
1741545159
-287846450
516357891
-528290371
85820385
1162148951
-808111315
-1879386340
-2019961573
423201651
-683163149
-11599148
1438818836
1535749270
934705188
-1527056525
-1724479895
588679998
-1865753708
1690168679
1128997007
-967827660
-1823281140
24896229
-806264350
550321426
-209266815
-1698592245
412670
-751457532
185319817
-1575586488
-983453875
221396434
-974004726
-1055185413
-168182047
-372030947
-7190732
153543002
1502317956
1193129448
-1458760016
1106472853
-475674612
-1116465574
-227075559
1965238586
-1678491406
1805108673
-322315605
-1169164582
-578805467
1816939994
1553984569
-2129123603
1283576348
997589583
-1745701020
-24625678
-1767967446
371312512
-1699859703
932127962
-1002439659
-2089025146
37896443
1159485862
1749956328
10022772
1319150065
-1503787442
1063545608
240187103
-896420670
-1399905819
227100548
865575840
1966699727
-1876688903
-1825813839
2145148887
-2042008641
-2094665153
-325915402
-1804589005
-185365903
-294330257
1399661796
-1713651599
1115495726
-240125331
371562633
-356111326
-1685041378
-1779111767
1290997765
-775721040
-765595395
-323543353
-688521891
-429924958
1451783950
1944532097
50736527
1346139166
-236166577
-1715705652
-712902939
827657903
-236353299
-1963936967
-1884194674
1792110664
1997795834
-1469970530
996523882
-699504247
-798345124
185708533
-542841820
1755094848
647670024
2040848515
1454470789
-960056014
-557870992
-1625822660
-1009989113
-351739622
1166961466
1367846757
1962473385
427829745
2071785009
1342914171
-1141331711
-1544038545
-1424352896
970045267
1998061719
-1382033967
738773789
760667778
-1356123281
450826717
-370375550
-1362951426
-1041979417
992022818
-1099933790
1051793925
-9589309
581847684
597372698
-1461701315
-1119214714
2106786551
-417077849
587446044
-2009031421
1250996874
1001054424
423094665
142991154
307377575
-2132401404
634837699
537118023
64704153
1797785725
2009310337
-410983680
-676316339
1417159685
-2097118885
636450878
1874486108
-1460081024
-1782164376
847219159
381379144
-1261683221
110790439
2138649514
-948964859
-162285684
-2142608990
1050773491
-2053604933
1271509355
897663184
691900383
439698634
1644312320
-517910725
-890486430
1017161230
720053549
-1327717406
684293704
-1408136349
-2141351571
-150541472
-86413174
213206379
-1841172402
-1787429044
1037883362
-1724414066
690728732
-271970333
-861659999
1098638402
-408406818
769410020
721435584
-2118366836
-2016903546
698151611
1187897396
-1099677243
120310371
1821957345
-829932155
-373752671
-314243366
-1561393534
-845774943
-1843764115
1828452436
1240930399
-1906318355
-1440103529
1600539258
-1435342091
-1369452644
-1903772045
-1201405793
1327505375
-902531260
1192994108
-1834092162
-1288770184
-197661778
859726424
-1365476828
1317896388
551329773
1073449183
-657001425
180656527
100908209
941967197
863861560
-2011937578
1460983004
1998078679
-1871733363
306174310
1677971285
1438948876
-1520724957
1024105155
-1762977252
-1649823492
-847512118
-2078202294
397245087
2069312685
-1466328670
122293913
-1871442101
703522604
1179235533
1148864814
236082789
2135813073
-1229373595
470831694
-1113371111
-1120572473
182434992
843262759
-1571814957
2067675852
-1275821422
33592888
-1402922803
131826740
817101891
1934112240
314718696
1886176306
1705632833
667382165
-1154000704
698323290
1737533830
-1101773721
2029076474
-2040137119
-484084739
925063941
640675039
1154382887
1607695410
964174606
561418286
827773943
26257993
-162287350
-1698805715
2065904141
91271217
-1668177781
-833492991
-770207656
1259541273
137384591
-892444609
-748080768
-698099678
1785998888
-2090296126
-300250071
1215154261
-513030306
-1605178434
-1758189959
108560342
1028984916
-97959403
-240048680
-1013203878
-675153752
-1007882007
-1874946314
-1248551210
1432166176
-1098014607
-1957121519
826332280
1175812482
579249168
759275383
955177690
-763226430
1156905891
318865482
-1645096075
1589469026
-17066470
-27803773
1524275795
1158248469
-40851127
478277432
1402934280
1803922086
-433573120
691844641
-2146179358
-1974011624
-2023950504
1218941272
-357821601
-383500531
-1929736113
1845259872
-726327329
1038648683
-1444912489
-1533517465
-1585591398
572812348
962497450
350419919
-29328173
1621216981
-1440015071
1802897130
-1534468531
-1416952262
-669042362
-1497389307
1399283710
986279360
-456071961
-898291033
1748012802
1807027700
1259840109
-1597175270
1165588690
-413560389
1406609964
1541069610
1424723381
-1573721670
-867380229
1842363692
2057680501
1770406391
-858683897
1771176258
-845442730
-1113444928
2076916964
-834596132
326568515
-1483002421
1353089252
-1404377983
117359178
-1429736290
1331780780
-2121440050
-1187579318
680725809
-1145657085
676773823
1050277099
-1368537135
-1533951507
1925804077
1579156429
-66416314
-2107639560
-38705769
-1633766397
-909961161
-1504290603
-480296412
193580482
-965679923
-350777815
2095772904
-2087183531
524633751
-1852896859
244266086
-1250350252
-2053653331
1687400276
-1763467947
-404192748
-865059817
-1539987661
-1999406682
-834802079
1141176431
734012166
-913607738
1885468010
851022532
749809001
779663904
1074301436
-1683500351
1920390692
1595109
-192707853
-1197978098
-1075687484
-855785457
-2053012244
-1697406475
-1657351578
2036589474
1680167743
-1583668408
365123541
-754174924
-693322708
1487022210
-78412585
-1419544144
-1684171693
-1160818132
1840600003
991717974
-1088260759
1210021250
-1839836073
1189892101
245904424
1056574806
-1529572152
-1793704516
82329991
601969971
848070681
-214591138
832269099
-2073660732
1508801968
-1954480715
1907601180
502026614
268140069
348829880
800265916
-1135995812
-1812815523
-2129368560
-224342796
-636992941
-2009779753
-136346152
-864230481
1241649254
1626943813
-339951708
-2111406965
-1696174477
-1832447394
37265860
1169115342
-22365682
-851919886
-496773942
2085786774
-189056091
-1757599426
622451528
-1443540652
-741092893
1652898689
-351189539
1350030202
1244491609
150180046
-1544772749
1618556787
-1772925349
439514148
1999876545
-21519917
1388117800
909130427
1754305047
-1942499633
1350087757
1282646688
-1541077414
1930536175
-335318710
759105156
-1970800052
-1922646271
690159477
-1315800369
-969155312
-1696390831
-2123379426
2005542907
1651674861
578260502
-612689165
-90737120
-50600111
83897646
1751128998
-1343693366
2139625241
-1853785330
-514528820
-532844014
-1892193521
-137317645
-1464174584
-1499564052
419771059
-769906595
-394731672
-934633796
372494142
739984317
-865619954
-624710097
565980899
-420145556
827861010
1252572488
-1893517225
-966280737
2052158631
-1911273799
-130291052
1974070809
65888636
-254366092
1116026072
-1138513056
-741991836
-1654977408
-901854477
850500403
2110513976
-2087890672
289438146
-1930253190
-983307781
-1795811888
643022838
-430033153
-1700817089
464629890
528985882
466903580
-1091698488
774724297
-487368493
-1488862538
2124374638
-185695419
98258024
2131387497
-1884503737
2136316895
1987242116
1702867460
-1196155643
-1316030107
-1464171205
-790105801
2000409499
-1376151464
394771018
164971915
1750473510
1484053252
-1747630686
1727360657
-723012085
-545024815
-2108926425
979547486
-245152420
-683411751
1573994164
1477557558
1107090815
2048995770
167368034
1316957062
779075857
1008525484
2046034698
-444900585
1303012871
-2065985067
-1278785785
438406785
-531420906
729874395
-716950720
770397661
-2091232428
454938811
1939940453
11017149
1878283807
1345973721
1693694583
-1926492832
-559849155
1965279575
1202378126
772330018
-174737596
-1537334103
1411717846
768984625
1378378812
-66376599
-608418342
-323703675
-551273854
2077031783
2136852996
-1642394607
-1859044881
1031857924
-1840412572
-843600842
2102052152
700186303
1144495536
-1412504456
-577156713
1480907024
1283624075
-1075858573
894188715
-198214796
-1474082806
1729024271
914068636
-1476535351
256434803
1106522098
333848194
-914849573
-1588730809
-298147274
-439068921
202905662
-1346793598
-1823959717
62761290
-720235171
-587492576
-1859905153
365443078
581414355
87093987
624142284
-132541197
-1569208583
-1226234029
-325034959
-932115861
898214079
-1144079866
-1758095789
-219522223
-170948161
898032161
-622512698
1196563758
1698515087
-967842530
920053111
-345829220
-478091690
-954318897
2019306093
-506061849
-768633183
-1703617631
1401563568
1084541936
-116164489
741659685
131422600
-1669824684
577981610
-681209652
-1239772694
-1841389618
2062466415
1941845746
876884015
1149013465
-954266831
-1312442339
846283271
-1903943015
-741002591
770637957
158329772
911469563
-775167983
-2056582697
-1715765926
-2063825126
1412744194
46323253
4320253
118930660
-1172229
954701697
1245421868
1366050045
1218874011
-1450735909
-1499736490
732910307
-553484815
-1285935001
961474362
-2110041774
1077402379
-687917229
-1109424228
-1432653847
-1849057332
-2127112680
-1687017419
1933174540
341222402
401317631
647157482
-547023348
-871643464
-386318106
1028585025
1946541957
-444916537
-1240181693
-1832310768
1496639495
262075571
485717097
941369206
-141387016
-924269645
-1239799542
-1002648049
-400549448
313085969
-341154820
-354764702
949319942
1428204724
-1263954113
239222174
-15470431
2086263291
1282582335
154775174
-1260854990
-1814093877
-371311275
-285274200
-1434397591
-762219285
1782529683
539673300
1605884773
566134670
-504796480
-695282740
2116480856
-2009711823
1523869601
661773368
1917073514
1826205607
-1974616966
-1644186916
111566558
-1725225615
-2066710060
-1766237684
1306086003
352801619
188860799
-1018109602
2109010956
103153955
-750976294
-67817823