408581065
-845999278
-301002025
-942008414
-88472833
831754185
-1883761379
-1509685234
1911974888
-1298919462
-1109923248
-1811661921
-1128597887
2059471028
-1410297806
2046689459
718257462
-35337958
-1205432984
-1911894734
492306275
-1681706086
-1249250907
-459299361
-1237018601
-1623562236
-1272138745
1997612785
2125503770
1514147866
1289098176
-688455198
45771312
-602258556
284745465
803800198
1103862943
-1045547258
-1987263502
236780894
1885782767
-2035406092
1992888429
1896747309
2092549360
-585937692
-1178500276
-1563732532
-308262911
770146469
1305220217
-669727174
1823576974
-30522256
-190785787
-800398345
-1146504742
1945838685
328423827
665229713
607521022
1169649944
-1135138569
1198797438
187238448
-1887425068
-558409447
1617263660
630883656
731933054
885209119
2143052886
-1816365440
2059106102
242257867
173058201
-1837779845
-109200902
-959047392
-41391289
-2040541048
2078406564
1512506955
-1618689671
1490389799
-2071697642
1656932033
1916833386
-1097617717
-2141459022
859466148
-1972289533
1330008801
-138067952
-178306454
-270647119
-495400175
1012062698
-1316703296
-1830997378
-2130786621
714080603
257508523
653150047
911303908
521423176
291070961
-430617910
63127529
-769112290
790658486
-884920180
1142601235
-200052803
537085801
568147160
-1856900620
-650752077
-1733794336
-926672478
472938290
2006160045
-771567167
-469865171
-966117493
1251839529
677617188
-415513117
-533957607
1027949424
-1534130826
2005790564
1505816278
-2002580285
421191840
-656669472
2104766561
106981844
1511713895
415487145
-713824767
-57827465
1182892309
1962240259
-114910230
201662105
400662617
796772926
1573803967
103409264
279543147
221466118
1935398744
-772975116
-390405261
-1698232327
-663717948
-1243864947
-1497817557
1629761402
334039185
-860268019
800737474
-755003708
1462505290
-953561633
696526595
-1324986558
1729773376
-2040457855
-1554322250
960280349
36186509
1692738095
-924149946
-703419371
1293183318
-225169952
3784099
1673334675
-585248689
2070169461
-1189152151
331368447
-2100209789
1410526768
-1063234495
-1735816369
-1413490603
-1066504094
-1623832441
-1967538464
-135802431
1800012136
-865969107
-258080632
-375407129
600357591
-559720738
-746640149
-1735279670
-1514472202
1120898150
-818743538
1109496148
244114028
58710096
1273914665
-274576995
-1392788678
918302672
1912784576
894497644
-1296842006
1606741475
271284212
140395517
56002056
1927429556
1621362198
-1633082876
-1350718767
-740997311
1822656892
1147690225
1398083882
589103678
1783842968
-1558047626
2057469395
-1527065799
-735840187
1848874054
-1228913444
-1925097730
-1295635100
605333534
1366533975
918159420
171955111
749579272
-2132879282
-627807384
132234668
885513438
-262546185
1981582561
1065198157
554937613
117226534
1361255764
1533942582
951656859
-229068542
-933894047
1376221367
1679981418
2038781179
1115414910
-987660582
1089581245
-2055080709
1482892059
1121411000
-871007493
523929051
1670200327
-493058296
-151323469
344124440
-1316458734
882510584
1629832160
726829766
933939442
-1003366849
-465294227
-1598730812
-1362218902
-155066510
-1434949894
-158948560
-1225075544
-695008873
755673056
-883025891
-371221010
881084919
163070578
-1705210749
1590592629
1656540984
-434654074
-133942666
-34803315
-591698518
800843315
-852177765
1755746056
1320994017
82125275
-2063015978
628304088
1021702787
-788854677
1692912712
-85555977
-1020656030
-1980037663
-756285064
-200583802
-1765827636
616237582
352043471
-998725319
980124706
-308770403
-1243207351
799243761
-1389654361
1713900371
-725783703
-1696310870
1210415513
117032343
-121471890
381881751
-496279419
-2100555723
-658138685
1620641674
409484247
-1630753186
-886938181
-1279470183
115099056
1578513651
850758269
-1351630850
1064982524
-1649995518
1351948348
921738559
-457926718
-1780223344
-114027861
-2119875442
-195558979
1334812568
153936304
-1266793871
-360993748
-2143390893
1366661463
1506718629
960614886
-2048127558
2004634889
202140224
322304688
784201544
-757538308
948617493
-957033262
2036743428
992285933
864338267
1350538216
-1606072130
-2073909491
82935440
-932845323
765098392
-765270472
-1746416486
1208936381
-301514552
589431916
-352013264
-1776652973
-1063205221
1480323704
-912635529
727309296
755522492
2009575923
-1717384977
-1451737082
-2134689098
-532589969
869146256
-849923436
-242328138
1090129391
935213872
-240710469
-621581163
-2079770475
820567079
-543801199
-567277802
-1624246369
1591454004
-1931678923
886108011
-775097452
1745472674
1831269411
1819728126
-31688262
1729653158
-1439674935
-1923948691
248824010
34706699
1057762138
692382165
787825894
-683953136
21577697
1332117074
-1415876918
-288529008
-751674728
-210712122
-971113918
-644589213
-561253254
437575642
1523830747
623360516
-198933738
1732867906
-704494115
749014131
999728293
1644275268
2008677495
-2088719779
-856065698
-2047581318
-802633412
618740345
-1121141239
-1202401579
-883268146
-1215313100
-1976337454
-740849946
-1396124200
-84118641
-1192664737
862031448
1270396993
1601281608
898373924
-1652456000
2020407197
-795974857
-1772932875
-308527719
587238887
1740804859
2145806044
-826153847
241979245
-1962059563
-131371220
-810461719
673837323
-2065066285
-1713272874
-874296188
373603739
-480157648
470969594
-489718371
-172249429
-2014038534
281379521
154787894
1361042545
-829298187
-941930391
947299471
-157976325
967199679
-490444639
-1317560340
-468923734
-1303378892
-316081386
224276635
334223840
1486832403
-1563833523
-2022121931
-1833384456
-1369496863
-449922893
759446051
719320438
1370941197
-1856863247
1417331812
-844065409
-1575061420
-944923259
-977807220
324869259
1274266471
84330894
-1611798769
242533464
2075450826
-376853274
-969900353
-853135583
733811966
1527814005
576121491
988457999
-861844510
9445316
-1543215191
1530711792
1126845013
-328703024
1626290061
-1326166234
-1783504096
-1018625248
-653258053
-250846751
2140279827
848438809
603438946
708379536
-1163688851
485369489
-1138700182
1476584596
112919936
1535421857
99602616
-546771658
-1813251691
920738495
1651793584
-545157925
1615840524
162875403
773979131
830818422
-1552896569
-1438908440
299865481
-1135657923
2054737097
-494815282
1698236377
-1493728098
-2027162087
626123869
1802380152
2012660340
314424044
-630031690
382662086
964767350
-486348286
-1304333562
-561161729
-205852689
1318072912
-468754333
2133333625
-917591373
558746590
-1796525606
622070314
-1911916463
-1725805838
-1019187000
948711021
146194565
-1747648146
1743425640
-2135330555
748528880
778736246
1282745005
-1745900959
1534129162
-716923819
-1184233902
852309025
1218959191
360160416
1141629486
-857807911
-213077800
-1722256740
-370376244
792882707
-1647911996
-1368054820
1739843387
-2065861222
-340573065
1078118190
2019960353
1549781749
-946205782
1661254072
-389850090
-424959951
1149151460
940540509
943610414
-928598812
-315932624
2043414372
-1011100713
371441261
1676615440
1829108315
655697638
549687424
-1802267471
-2007327175
-294186773
362924513
919181663
2018200514
-1184504372
1469647215
-595199685
-2134288337
1270225809
-970526877
485029418
-1035517427
2120302460
-491229478
-1532390128
-491435931
-1341347748
-72666224
-1882453443
-1198665700
-325551582
634986477
-1595016921
695745437
157470388
391063365
-672498855
-1387325260
39065601
-1474230180
-280812885
734054589
-410579116
1566551079
886729395
-191887619
632276461
1984965849
-1973465733
-1024724657
965389005
1230883101
-1819218061
1504540418
1507170769
-1524545633
-545483095
-1161670143
283265026
1987874512
1296523575
367783476
1878171947
1064400106
-533172485
-1132797146
-1601901910
1330056242
1892643469
118875112
1405009803
201387900
620682605
-1574614732
2072197586
-1688186124
-950002820
57317844
-189670121
2128534810
397119917
1641919812
1271993944
781159438
488985596
-832600938
-1774164726
-623760627
-1454717282
-1972611691
-683966095
1888099387
1427938937
1609974829
-2101799887
-11437406
-920390442
489838090
767873828
825088122
1997038164
-425120642
899553132
-1612964438
-1367845601
1803972775
1239498956
1092438670
897848930
707812816
328432179
-1446632709
161428217
2145586711
1078834073
-1829763713
1635990379
-1147048624
-1354963698
1841918701
1550454551
-2054687191
1518006032
1030294039
1606756012
-1381261938
1805954076
-1158808611
217747934
-1821274034
466028423
-1822082202
-66610090
1710401278
101068173
2023419565
1098141161
969389085
1056909482
-1435245761
-452838900
1992953977
840269864
1977813826
909398663
858130896
786672633
357254841
-1284198039
1456674745
-48336442
341703941
-1955033541
-1520436540
1504214855
1267419822
-1647193480
977218016
496293333
757122915
-90111685
1872900605
78371644
880814143
-514759110
1203301362
-1376771114
245842509
-25903117
504605855
-220378668
-1898499762
2020792612
-516566186
317482462
-1161779527
1024771455
1029200502
1166998751
2071438594
-298142306
-1087222183
-158697703
-1680790753
-309946828
-224965009
2091611263
1173460039
-55251323
723156138
1382650435
-1057312772
100708887
-286884067
1619621292
-1590372789
746977705
-1142851617
2102669357
1358855250
-1151150236
255727413
-321367885
-209580798
-627787184
-1777783825
286930494
1273629222
-1115417335
1012225554
157185971
-121128540
-535348303
1453113271
1192391919
-471801087
-1488933592
1745551410
-91986657
-153263830
-1735640198
2128579957
450721358
-1382708112
1282525081
-667197514
-119156161
-78724908
678134859
1823648592
474193020
-1455192956
-348588955
1227216102
1281572270
514396837
-1231611847
-1443691570
1514704943
-1388556717
-917930420
-742132053
-1670528547
-1787010587
-1042863284
-1554907557
986578737
190418549
1897499968
-290176236
-460899441
1803743134
-622137855
-1519732791
1667214047
1659254663
-1775953688
1385848786
-1590640549
564176672
-755488824
1427491531
285394602
1892730539
-1565742306
85387963
1455514926
195863166
-580673146
-1237473160
1579329177
1480101894
345633393
1337514570
-1998629690
926334735
995909653
984973518
-17515066
1302862657
443819172
-225808867
-1768606152
-658816531
-962351424
1087683373
-303174436
-946958327
1418604845
1947971446
-1271012502
-1191801735
408680904
-539427112
1529028768
1456091792
970507191
187466171
1774219161
-531963691
401111265
-565130376
-223395739
307621897
1661081248
1079526135
-1864991275
-899008920
1965533621
890282392
930638998
292289327
-372402820
275053654
-866719872
-1061806498
-258827680
-1888175318
1089375536
-944801601
499994512
169353900
-692145453
-1777879002
1527448562
-806267904
-1549979580
925842425
182925911
-1665997073
-747480743
-489572878
-429771536
-1103920556
-1381320582
-732720349
-1320139775
-1904732487
57761394
214855994
-1226650668
-1437294784
1772018569
-1475795962
1508324847
1558023367
-613009966
-643035335
-1519959672
-18727097
185233600
-1262823313
622421816
441135484
2126281215
141079919
-926465041
1908193995
-2115334271
-487794001
-843366616
931760991
250049238
1901121053
-1398415267
-1039251820
-220136000
-1031101924
-1669429316
-1992171624
381873158
2026986700
317357593
-1210278833
-1147408760
1043992462
-1276080090
-1003363721
-1831314541